0.711838 0.424386 0.247105 0.268138 0.0894089 0.181155
1 0
0.712271 0.42635 0.292992 0.272209 0.0884762 0.163335
1 0
0.713399 0.448744 0.299128 0.285252 0.103421 0.195895
1 0
0.710319 0.424146 0.281194 0.264443 0.0928881 0.175733
1 0
0.725206 0.433491 0.287975 0.278163 0.0983798 0.188769
0 1
0.719456 0.397702 0.307971 0.290179 0.106133 0.17181
0 1 
0.714679 0.421935 0.274986 0.24937 0.0866657 0.162282
0 1
0.718203 0.426218 0.297906 0.274904 0.0992903 0.185621
0 1
0.719026 0.407758 0.302159 0.286416 0.103753 0.188911
1 0
0.716602 0.423148 0.302644 0.272706 0.0983232 0.183231
1 0
0.713938 0.422631 0.280603 0.25797 0.0880378 0.165406
0 1
0.717194 0.410092 0.300445 0.257907 0.0913223 0.171394
0 1
0.712684 0.346395 0.299966 0.287606 0.104428 0.175288
1 0
0.712054 0.419034 0.293576 0.288127 0.102121 0.189724
1 0 
0.710508 0.423282 0.25922 0.226541 0.0765362 0.151024
0 1
0.712007 0.420249 0.262309 0.240336 0.0772698 0.15292
0 1
0.710031 0.436756 0.280203 0.278227 0.0984399 0.188376
1 0
0.718943 0.456797 0.325536 0.317352 0.119419 0.216654
1 0
0.718145 0.425938 0.314616 0.280097 0.102848 0.187803
1 0 
0.71625 0.44144 0.294691 0.26691 0.0951826 0.172261
0 1
0.717965 0.427867 0.277741 0.250468 0.0876293 0.153672
0 1
0.718343 0.431167 0.275896 0.243729 0.0851232 0.159596
0 1
0.707984 0.422229 0.275571 0.251652 0.0878472 0.171034
1 0
0.714893 0.400982 0.285736 0.251655 0.089276 0.167561
0 1
0.712368 0.433557 0.259691 0.236765 0.0814998 0.163038
1 0
0.713864 0.419829 0.250616 0.228171 0.0776514 0.153257
0 1
0.715511 0.417424 0.261872 0.236182 0.0801068 0.141439
0 1
0.713809 0.429411 0.279281 0.264741 0.0924593 0.179888
1 0
0.713024 0.418002 0.251561 0.257308 0.0867859 0.173057
0 1
0.711876 0.424914 0.241189 0.25501 0.0856232 0.1723
0 1
0.704084 0.394528 0.284739 0.238064 0.0843229 0.151786
1 0
0.70711 0.416833 0.265407 0.245628 0.084143 0.148022
1 0
0.704252 0.368966 0.266544 0.249115 0.0854057 0.153812
1 0
0.708286 0.408005 0.278264 0.272765 0.0933698 0.180844
1 0
0.713394 0.440721 0.296225 0.268997 0.090436 0.183428
1 0