0.247105 0.268138 0.0894089 0.181155 
1 0
0.292992 0.272209 0.0884762 0.163335 
1 0
0.299128 0.285252 0.103421 0.195895 
1 0
0.281194 0.264443 0.0928881 0.175733 
1 0
0.302159 0.286416 0.103753 0.188911 
1 0
0.302644 0.272706 0.0983232 0.183231 
1 0
0.299966 0.287606 0.104428 0.175288 
1 0
0.287975 0.278163 0.0983798 0.188769 
0 1
0.307971 0.290179 0.106133 0.17181 
0 1
0.325114 0.294339 0.106293 0.190851 
0 1
0.274986 0.24937 0.0866657 0.162282 
0 1
0.297906 0.274904 0.0992903 0.185621 
0 1
0.280603 0.25797 0.0880378 0.165406 
0 1
0.293576 0.288127 0.102121 0.189724 
1 0
0.280203 0.278227 0.0984399 0.188376 
1 0
0.325536 0.317352 0.119419 0.216654 
1 0
0.314616 0.280097 0.102848 0.187803 
1 0
0.300445 0.257907 0.0913223 0.171394 
0 1
0.25922 0.226541 0.0765362 0.151024 
0 1
0.262309 0.240336 0.0772698 0.15292 
0 1
0.294691 0.26691 0.0951826 0.172261 
0 1
0.277741 0.250468 0.0876293 0.153672 
0 1
0.247105 0.268138 0.0894089 0.181155 
1 0
0.292992 0.272209 0.0884762 0.163335 
1 0
0.299128 0.285252 0.103421 0.195895 
1 0
0.281194 0.264443 0.0928881 0.175733 
1 0
0.275896 0.243729 0.0851232 0.159596 
0 1
0.285736 0.251655 0.089276 0.167561 
0 1
0.250616 0.228171 0.0776514 0.153257 
0 1
0.261872 0.236182 0.0801068 0.141439 
0 1
0.251561 0.257308 0.0867859 0.173057 
0 1
0.241189 0.25501 0.0856232 0.1723 
0 1
0.298451 0.271926 0.0933774 0.188974 
0 1
0.32654 0.316197 0.118972 0.218871 
0 1
0.283513 0.272669 0.0932345 0.183461 
1 0
0.284466 0.266636 0.092683 0.169925 
1 0
0.291718 0.267607 0.0952064 0.184371 
1 0
0.289533 0.268035 0.0945824 0.180724 
1 0
0.273315 0.253927 0.0885216 0.171047 
0 1
0.276091 0.21959 0.0761725 0.143781 
0 1
0.290719 0.263904 0.0857003 0.168731 
0 1
0.314828 0.283181 0.0964161 0.179343 
0 1
0.319232 0.286127 0.101652 0.189657 
0 1
0.278309 0.254198 0.0877014 0.167846 
0 1
0.290107 0.259879 0.0921372 0.163195 
1 0
0.323982 0.2981 0.111439 0.208283 
0 1
0.279873 0.230015 0.0806859 0.146618 
1 0
0.3024 0.29573 0.104991 0.191727 
0 1
0.275571 0.251652 0.0878472 0.171034 
1 0
0.295534 0.254841 0.0914489 0.177147 
0 1
0.259691 0.236765 0.0814998 0.163038 
1 0
0.282669 0.245934 0.0790553 0.170156 
0 1
0.279281 0.264741 0.0924593 0.179888 
1 0
0.275724 0.256497 0.0900752 0.176628 
0 1
0.279016 0.229635 0.0807051 0.155134 
1 0
0.302747 0.267311 0.0964044 0.184819 
0 1
0.357095 0.337266 0.132044 0.22973 
0 1
0.290086 0.246751 0.086105 0.157306 
1 0
0.294568 0.265143 0.0913714 0.168643 
1 0
0.283513 0.272669 0.0932345 0.183461 
1 0
0.284466 0.266636 0.092683 0.169925 
1 0
0.291718 0.267607 0.0952064 0.184371 
1 0
0.289533 0.268035 0.0945824 0.180724 
1 0
0.266971 0.218529 0.0759339 0.146644 
0 1
0.315011 0.303317 0.112404 0.212686 
0 1
0.299971 0.267056 0.0966192 0.187451 
0 1
0.285173 0.265502 0.0944412 0.186027 
0 1
0.284352 0.210971 0.0687253 0.145929 
0 1
0.32244 0.297392 0.11083 0.205756 
0 1
0.267998 0.252411 0.0875235 0.172234 
0 1
0.282501 0.241835 0.0855029 0.157915 
0 1
0.272322 0.254276 0.0859984 0.172248 
1 0
0.284739 0.238064 0.0843229 0.151786 
1 0
0.265407 0.245628 0.084143 0.148022 
1 0
0.266544 0.249115 0.0854057 0.153812 
1 0
0.278264 0.272765 0.0933698 0.180844 
1 0
0.296225 0.268997 0.090436 0.183428 
1 0
0.283068 0.2595 0.0911074 0.142198 
1 0
0.308965 0.279156 0.102094 0.18902 
0 1
0.314887 0.285548 0.105142 0.197315 
0 1
0.340873 0.33436 0.128595 0.233405 
0 1
0.316037 0.301941 0.111994 0.210622 
0 1
0.309546 0.285961 0.104937 0.198896 
0 1
0.250221 0.219582 0.0735347 0.151377 
1 0
0.260256 0.211061 0.0648621 0.149928 
0 1
0.292902 0.245779 0.0880234 0.167811 
1 0
0.277408 0.212138 0.0745778 0.144279 
0 1
0.298593 0.256061 0.0912707 0.166619 
0 1
0.371131 0.366306 0.147166 0.257163 
0 1
0.268855 0.25432 0.0806564 0.17164 
0 1
0.276467 0.216948 0.0762075 0.139058 
0 1
0.271003 0.243761 0.079162 0.167405 
1 0
0.285464 0.257837 0.0916711 0.173875 
1 0
0.272713 0.237979 0.0828644 0.155078 
1 0
0.277276 0.201593 0.0708054 0.134416 
1 0
0.272537 0.252773 0.0868981 0.167349 
1 0
0.30431 0.256447 0.0931113 0.174384 
1 0
0.271778 0.228246 0.0786015 0.146096 
0 1
0.289473 0.238115 0.084706 0.160592 
0 1
0.272903 0.212745 0.0741486 0.142657 
0 1
0.239001 0.248997 0.0786211 0.177294 
0 1
0.266544 0.249115 0.0854057 0.153812 
1 0
0.278264 0.272765 0.0933698 0.180844 
1 0