-0.42205 -0.338773 -0.428239 -0.209582 -0.106709 -0.12319 -0.136659 
1 0 0
-0.381113 -0.306457 -0.331341 -0.19952 -0.106704 -0.129793 -0.13048 
1 0 0
-0.272646 0.301768 -0.282745 -0.141375 -0.105349 -0.0903698 -0.133877 
1 0 0
-0.561867 -0.342547 -0.386147 -0.216592 -0.106753 -0.134238 -0.135143 
1 0 0
0.317417 -0.530842 -0.251333 -0.133434 -0.108148 -0.14883 -0.120384 
1 0 0
0.053013 -0.357886 -0.24577 -0.198091 -0.107017 -0.139911 -0.140887 
1 0 0
-0.341801 -0.704995 -0.274616 -0.124692 -0.108432 -0.134033 -0.138072 
1 0 0
-0.401705 -0.415057 -0.327448 -0.120652 -0.105742 -0.110394 -0.112972 
1 0 0
-0.587708 -0.0870501 -0.389157 -0.178641 -0.106347 -0.113281 -0.134576 
1 0 0
-0.544717 -0.355857 -0.422495 -0.238073 -0.106687 -0.130623 -0.136115 
0 1 0
-0.406088 -0.399138 -0.420037 -0.235715 -0.106687 -0.130663 -0.136073 
0 1 0
0.0158646 0.0443202 -0.319626 -0.21211 -0.106556 -0.12812 -0.138219 
0 1 0
0.199663 -0.279741 -0.395848 -0.231382 -0.106676 -0.130682 -0.136284 
0 1 0
0.24123 -0.215822 -0.400206 -0.234617 -0.106683 -0.130927 -0.136185 
0 1 0
-0.124044 -0.578584 -0.369648 -0.230623 -0.106667 -0.131786 -0.135976 
0 1 0
-0.226999 -0.404733 -0.427061 -0.237912 -0.106688 -0.130671 -0.13612 
0 1 0
-0.0608484 -0.434992 -0.420418 -0.236715 -0.106688 -0.130532 -0.136098 
0 1 0
-0.309051 -0.427989 -0.426688 -0.225948 -0.106679 -0.12786 -0.135955 
0 1 0
-0.418402 -0.330321 -0.429634 -0.228082 -0.106682 -0.128108 -0.136098 
0 1 0
-0.042215 1.80174 -0.289019 -0.200311 -0.106764 -0.148963 -0.142475 
0 1 0
0.183446 -0.656105 0.120368 -0.160579 -0.104867 -0.126364 -0.128472 
0 0 1
2.13308 -0.704075 1.07168 0.348339 -0.0521088 -0.153465 0.483716 
0 0 1
0.594342 -0.569703 0.0909362 -0.00758813 -0.103399 -0.102204 0.0340743 
0 0 1 
1.35268 -0.68607 0.423054 0.0680894 -0.0940917 -0.124384 0.117391 
0 0 1
1.68072 -0.57093 0.328667 0.123231 -0.122027 -0.14803 0.167793 
0 0 1
1.59393 -0.636755 0.835508 0.096518 -0.0818726 -0.160157 -0.0908547 
0 0 1
3.04804 -0.345708 0.720519 1.32366 -0.330745 0.00691954 1.50439 
0 0 1
2.27408 -0.257922 1.26016 0.338874 -0.0465973 -0.203558 0.360368 
0 0 1
-0.698113 -0.646486 -0.348647 -0.223104 -0.10674 -0.131208 -0.135304 
1 0 0
1.02045 1.89307 0.237242 -0.0124539 -0.0966475 0.0172237 -0.128288 
0 1 0
-0.717486 -0.605603 -0.390115 -0.237702 -0.106687 -0.13045 -0.136133 
1 0 0
0.565216 0.259009 -0.248595 -0.0443661 -0.104668 -0.105255 -0.0631669 
0 1 0
-0.766567 -0.371486 -0.40092 -0.230625 -0.106675 -0.128475 -0.13595 
1 0 0
1.54257 -0.39217 1.34036 0.210634 -0.0628086 -0.0815002 0.118568 
0 0 1
0.980405 0.122026 0.671137 0.280513 -0.0701274 -0.0153486 0.378207 
0 0 1
1.77976 -0.294938 1.58643 0.251943 -0.0560336 -0.122712 0.322303 
0 0 1
0.391863 0.574616 -0.313352 -0.228226 -0.106646 -0.126049 -0.136406 
0 1 0
-0.371922 -0.164122 -0.422154 -0.236594 -0.106689 -0.131193 -0.136124 
1 0 0
0.549419 0.151681 -0.381301 -0.233734 -0.106688 -0.128697 -0.13632 
0 1 0
-0.23241 -0.25085 -0.391789 -0.21609 -0.10663 -0.124241 -0.13721 
1 0 0
1.84341 -0.697205 1.38771 0.0524327 -0.0849425 -0.138689 0.0738269 
0 0 1
3.29001 -0.560535 4.05581 1.09531 0.242417 -0.291634 -2.67777 
0 0 1
1.55506 -0.700319 1.04532 0.115183 -0.0870351 -0.130137 0.29274 
0 0 1
0.647849 0.0272417 -0.400586 -0.226741 -0.106661 -0.12633 -0.136012 
0 1 0
-0.734911 -0.515278 -0.392517 -0.237748 -0.106689 -0.130725 -0.136129 
1 0 0
1.24664 0.343605 -0.244566 -0.211308 -0.106498 -0.119145 -0.133594 
0 1 0
1.68773 -0.611957 1.56816 0.0360191 -0.0835726 -0.0986716 -0.0895886 
0 0 1
1.83911 -0.662325 1.26851 0.0824419 -0.0797661 -0.160533 -0.0803832 
0 0 1
0.647849 0.0272417 -0.400586 -0.226741 -0.106661 -0.12633 -0.136012 
0 1 0
-0.734911 -0.515278 -0.392517 -0.237748 -0.106689 -0.130725 -0.136129 
1 0 0
1.24664 0.343605 -0.244566 -0.211308 -0.106498 -0.119145 -0.133594 
0 1 0
1.84341 -0.697205 1.38771 0.0524327 -0.0849425 -0.138689 0.0738269 
0 0 1
3.29001 -0.560535 4.05581 1.09531 0.242417 -0.291634 -2.67777 
0 0 1
1.55506 -0.700319 1.04532 0.115183 -0.0870351 -0.130137 0.29274 
0 0 1