0.712549 0.418682 0.298593 0.256061 0.0912707 0.166619 //image_79
0 1
0.702434 0.400559 0.277408 0.212138 0.0745778 0.144279 //image_78
0 1
0.701064 0.396479 0.272713 0.237979 0.0828644 0.155078 //image_85
1 0 
0.701035 0.402266 0.277276 0.201593 0.0708054 0.134416 //image_86
1 0 
0.703506 0.404059 0.272537 0.252773 0.0868981 0.167349 //image_87
1 0 
0.709846 0.425406 0.30431 0.256447 0.0931113 0.174384 //image_88
1 0 
0.709739 0.438197 0.308965 0.279156 0.102094 0.18902 //image_70
0 1
0.717429 0.473438 0.316037 0.301941 0.111994 0.210622 //image_71
0 1
0.704867 0.418309 0.284352 0.210971 0.0687253 0.145929 //image_59
0 1
0.723462 0.468477 0.32244 0.297392 0.11083 0.205756 //image_60
0 1
